001574-41-0	000078-79-5	018631-83-9	000066-25-1	006728-26-3	000591-93-5	000592-46-1	000142-08-5	000100-52-7	086921-32-6	018968-23-5	000098-86-2	000100-51-6	000095-16-9	000108-95-2	000128-37-0	000110-62-3	000124-13-0	000110-93-0	000928-96-1	000000-00-0	001222-05-5	000504-60-9	000124-19-6	030086-02-3	001472-09-9	000544-76-3	000629-73-2	000091-20-3	038640-62-9	024157-81-1	003208-16-0	000098-01-1	000502-99-8	038284-27-4	000098-00-0	000119-36-8	000554-61-0	000079-77-6	000060-12-8	000592-48-3	003387-41-5	000096-09-3	000475-03-6	000586-62-9	000142-83-6	004313-03-5	017455-13-9	000534-22-5	004170-30-3	000112-31-2	074663-85-7	006108-61-8	018829-55-5	002454-31-1	000930-60-9	000090-02-8	036653-82-4	000096-54-8	000109-08-0	074663-86-8	000122-78-1	003796-70-1	014901-07-6	000872-05-9	000123-72-8	069668-89-9	000119-61-9	001120-56-5	000673-84-7	000138-86-3	003779-61-1	001576-95-0	024851-98-7	000078-70-6	002561-21-9	000432-25-7	000127-41-3	000110-54-3	020273-24-9	000293-96-9	000123-35-3	002548-87-0	000590-86-3	001120-36-1	035507-09-6	005989-54-8	075135-41-0	074663-88-0	000541-05-9	000580-51-8	000931-88-4	055669-96-0	000064-19-7	000108-38-3	000106-42-3	000591-49-1	000109-97-7	035373-06-9	000591-48-0	002080-89-9	031295-56-4	000629-78-7	000111-71-7	000108-88-3	029714-87-2	001120-73-6	001119-14-8	000124-11-8	006765-39-5	002437-56-1	000108-93-0	000100-41-4	002408-37-9	000079-01-6	037617-26-8	000112-95-8	001921-70-6	000629-62-9	000295-17-0	013360-61-7	000593-45-3	007098-21-7	000821-95-4	001330-20-7	000544-12-7	006874-10-8	005989-33-3	033100-27-5	001686-30-2	000099-86-5	000099-85-4	000535-77-3	027576-03-0	000141-12-8	000105-87-3	000471-84-1	000080-56-8	Class
2.9104	0	0	10.3488	6.7698	0	0	0	4.3595	0	0	0	0.6664	0.6613	1.0694	0	0	0	1.1619	1.6652	0	0	0	0	0	0	0	0	0	0	0	0.9808	10.2945	0	0	1.7476	0.4147	0	0	0.4664	0	0	0	0	0	0	4.3942	0.0697	0.5978	0	0	0	0	0	0	0	0.5334	0	1.4076	0.6577	0	0.6833	0	0	0	0	0	0	0	0	0	0	0	0	0	0	0	0	0	0	0	0	0	0	0	0	0.2279	0.2317	0.2703	0	0	0	0	0	0	0	0	0	0	0	0	0	0	0	0	0	0	0	0	0	0	0	0	0	0	0	0	0	0	0	0	0	0	0	0	0	0	0	0	0	0	0	0	0	0	0	0	0	TR
4.5123	0.6665	0	3.0956	1.2769	0	1.4537	0	8.2577	0	0	2.6186	1.42	1.4168	1.0491	4.0393	0	0	0	0	0	0	0	0	0	0	0	0	0.3611	0	0.2264	0.6394	1.1906	0	0	0	0.3618	0	0	0	0	0	0	0	4.4961	0	0	0	0	0	0	0	0	0	0	0	0	0	0	0	0	2.307	0	0	0	0	0	0.2608	0.2145	0	0	0	0	0	0	0	0	0	0	0	0	0	0	0	0	0	0	0	0	0.5252	0.2889	0	0	0	0	0	0	0	0	0	0	0	0	0	0	0	0	0	0	0	0	0	0	0	0	0	0	0	0	0	0	0	0	0	0	0	0	0	0	0	0	0	0	0	0	0	0	0	TR
6.515	0	0	6.8551	0.9377	0	0	0	5.6586	0	0	0	0.8221	0.5186	0.705	1.286	1.3595	0	2.3638	4.0578	0	0	0	2.7913	0	0	0	0	0.3362	0	0.2708	0.8045	0	0	0	0	0	0	0	0.3083	0	0	0	0	1.3262	0	4.2365	0	0.1341	0	0	0	0	0	1.8645	0	0	0	0	0	0	0	0	0	0	0	0	0	0	0	0	0	0	0	0	0	0	0	0	0	0	0	0	0	0.3985	0	0	0	0	0	0	0.8761	0	0	0	0	0	0	0	0	0	0	0	0	0	0	0	0	0	0	0	0	0	0	0	0	0	0	0	0	0	0	0	0	0	0	0	0	0	0	0	0	0	0	0	0	0	0	TR
0	0	0	12.4536	1.1697	0	0	0	0	0	0	0	0	0	1.8949	1.9476	0	0	0	0	0.2227	0	0	0	0	0	0	0	0	0	0.4891	0	0	0	0	0	0	0	0	0	0	0	0	0	0	0	0	0	0	0	0	0	0	0	0	0	0	0	0	0	0	0	0	0	0	0	0	0	0	0	0	0	0	0	0	0	0	0	0	0	0	0	0	0	0	0	0	0	0	0	0	0	0.874	13.1987	0	0	0	0	0	0	0	0	0	0	0	0	0	0	0	0	0	0	0	0	0	0	0	0	0	0	0	0	0	0	0	0	0	0	0	0	0	0	0	0	0	0	0	0	TR
7.6291	0	0	5.467	6.2485	0	0	0	6.6034	0	0	0	1.1105	0.4438	0.7	1.8038	0	0	1.8211	3.9564	0	0	0	1.7867	0	0	0	0	0.3516	0	0	0	0	0	0	0	0.124	0	0	0.4502	0	0	0	0	0.4966	0	3.3013	0	0	0.2377	1.2501	0	0	0	0	0	0	0	0	0	0	2.1457	0	0	0	0	0	0	0	0	0	0	0	0	0	0	0	0	0	0	0	0	0	0	0	0	0	0	0	0	0	0	0	0	0	0	1.4271	0	0	0	0	0	0	0	0	0	0	0	0	0	0	0	0	0	0	0	0	0	0	0	0	0	0	0	0	0	0	0	0	0	0	0	0	0	0	0	0	0	TR
1.9015	0	0	8.8477	4.2972	0	0	0	4.7	0	0	0	0.5459	0.561	1.415	0	0	0	1.3992	1.2062	0	0	0	0	0	0	0	0	0	0	0	0.815	10.936	0	0	3.4373	0.4612	0	0	0	0	0	0	0	0	0	0	0.9985	1.1281	0	0	0	0	0	0	2.1346	0.8437	0	1.0967	0.6315	0	0	0	0	0	0	0	0	0	0	0.1018	0	1.1111	0	0	0	0	0	0	0	0	0	0	0	0	0	0	0	0	0	0	0	0	0	0	0	0	0.573	0	0	0	0	0	0	0	0	0	0	0	0	0	0	0	0	0	0	0	0	0	0	0	0	0	0	0	0	0	0	0	0	0	0	0	0	0	0	0	0	TR
5.9395	0	1.0662	7.3563	14.7703	0	0	0	4.0163	0	0	0	0.7508	0	0.5658	1.4112	2.9307	0	0	3.0072	0	0	0	2.9453	0	0	0	0	0	0	0	1.9761	0	0	0	0	0	0	0	0	0	0	0	0	0	0	0	0	0	0	3.011	0	0	0	0	0	0	0	0	0	0	0	0	0	0	0	0	0	0	0	0	0	0	0	0	0	0	0	0	0	0	0	0	0	0	0	0	0	0	0	0	0	0	0	0	0	0	0	0.5076	1.491	3.139	0	0	0	0	0	0	0	0	0	0	0	0	0	0	0	0	0	0	0	0	0	0	0	0	0	0	0	0	0	0	0	0	0	0	0	0	0	TR
4.9595	0	0	7.0379	12.2167	0	0	0	3.2395	0	0	0	0.0855	0.6243	1.4746	1.9607	2.5113	0	0.799	2.0674	0.4916	0	0	1.773	0	0	0	0	0	0	0	1.6744	0	0	0	0	0	0	0	0	0	0	0	0	0	0	2.9391	0	0.0963	0	2.0574	0	0	0.3653	0	0	0	0	0	0	0	0	0	0	0	0	0	0	0	0	0	0	0	0.3967	0	0	0	0	0	0	0	0	0	0	0	0	0	0	0	0	0	0	0	0	0	0	1.5192	0	0	0	0	0	0	0	0	0	0	0	0	0	0	0	0	0	0	0	0	0	0	0	0	0	0	0	0	0	0	0	0	0	0	0	0	0	0	0	0	0	TR
1.5104	0.5667	0	6.0514	2.5702	0	2.7373	1.8984	6.6573	0	0	0	0	0.9066	0.4471	0.1784	0.2646	0	0	0	1.0751	0	0	0	0	0	0.8116	0	0	0	0.3498	0	0	0	0	0	0	0	0	0	0	0	0	0	0	0	0	0	0	0	0	0	0	0	0	0	0	0	0	0	0	2.2569	0	0	0	0	0	0	0	0	0	0	0	0	0	0	0	0	0	0	0	0	0	0	0	0	0	0	0	0	0	0	0	0	0	0	0	0	0	0	0	1.6975	2.1516	0	0	0	0	0	0	0	0	0	0	0	0	0	0	0	0	0	0	0	0	0	0	0	0	0	0	0	0	0	0	0	0	0	0	0	TR
5.0644	0	0	18.2812	8.6076	0	0	0	3.2783	0	0	0	0	0.22	1.1483	0.6403	2.7832	0.7676	2.2218	1.6534	0	0.9339	0	0	0	0	0	0	0	0	0	1.525	0	0	0	0	0	0	0	0	0	0	0	0	0	0	0	0	0	0	0	0	0	0	1.8407	0	0	0	0	0	0	0.8753	0	0	0	0	0	0	0	0	0.3213	0	0	0	0	0	0	0	0	0	0	0	0	0	0	0	0	0	0	0	0	0	0	0	0	0	0	0	0	0	0	0	0	0	0.5762	0.2278	0.372	2.1309	0.397	0	0	0	0	0	0	0	0	0	0	0	0	0	0	0	0	0	0	0	0	0	0	0	0	0	0	0	0	0	TR
4.7129	0	0	9.3011	8.7008	0	0	0	4.2528	0	0	0	0	0.4074	0	0.2569	2.959	0.6821	1.191	1.744	0	0	0	0	0.9933	0	0	0	0	0	0	1.5281	0	0	0	0	0	0	0	0	0	0	0	0	0	0	0	0	0	0	0	0	0	0	0	0	0	0	0	0	0	1.2038	0	0	0	0	0	0	0	0	0.3329	0.2136	0	0	0	0	0	0	0	0	0	0	0	0	0	0	0	0	0	0	0	0	0	0	0	0	0	0	0	0	0	0	0	0	0	0	0	0	0	0	0	0	0	0	0	0	0	0	0	0	0	0	0	0	0	0	0	0	0	0	0	0	0	0	0	0	0	0	TR
3.1952	0	0	11.3511	13.3366	0	0	0	3.1555	0	0	0	0	0.3745	0	0.5278	2.4427	0.5549	1.1306	1.7444	0	0	0	0	0.6383	0	0.1941	0	0	0	0	1.6772	0	0	0	0	0	0	0	0	0	0	0	0	0	0	2.5176	0	0	0	0	0	0	0	0	0	0	0	0	0	0	0	0	0	0	0	0	0	0	0	0.3021	0.2752	1.2526	0	0	0	0	0	0	0	0	0	0	0	0	0	0	0	0	0	0	0	0	0	0	0	0	0	0	0	0	0	0.5674	0.9663	0	0	0	0	0	0	0	0	0	0	0	0	0	0	0	0	0	0	0	0	0	0	0	0	0	0	0	0	0	0	0	0	0	0	TR
4.0962	0	0	7.6568	7.7039	0	0	0	5.0635	0	0	0	0	1.4565	0.7314	0	0	0.8883	1.5539	1.5817	0	0	0	3.8069	0	0	0.3008	0.2367	0	0	0	1.0929	0	0	0	0	0.5472	0	0	0	0	0	0	0	0	0	0	0	0	0	0	0	0	0	0	0	0	0	0	0	0	0	0	0	0	0	0	0	0	0	0.3919	0.2101	0	0	0	0	0	0	0	0	0	0	0	0	0	0	0	0	0	0	0	0	0	0	0	0	0	0	0	0	0	0	0.4317	0	0	0	0	0	0	0	0	0	0	0	0	0	0	0	0	0	0	0	0	0	0	0	0	0	0	0	0	0	0	0	0	0	0	0	TR
1.8284	1.487	0.5794	4.5627	0.5748	4.4503	1.4571	1.1673	8.0222	1.1001	0.6209	3.064	1.9106	1.6343	3.2162	4.2578	0	0	0	0	0	0	0	0	0	0	0	0	0	0	0	0	0	0	0	0	0	0	0	0	0	0	0	0	0	0	0	0	0	0	0	0	0	0	0	0	0	0	0	0	0	0	0	0	0	0	0	0	0	0	0	0	0	0	0	0	0	0	0	0	0	0	0	0	0	0	0	0	0	0	0	0	0	0	0	0	0	0	0	0	0	0	0	0	0	0	0	0	0	0	0	0	0	0	0	0	0	0	0	0	0	0	0	0	0	0	0	0	0	0	0	0	0	0	0	0	0	0	TR
2.5976	0	0	4.2962	1.0915	0	0.8851	0	7.5864	0	0	0	0.7967	0.7151	1.9764	0.3009	0	0	0	0	0	0.8579	0	0	0	0	0	0	0	0	0	0.5556	10.6554	0.8665	1.8037	7.8576	0.3897	1.6399	0.6	0.7577	0	0	0	0	0	0	0	0	0	0	0	0	0	0	0	0	0	0	0	0	0	0	0	0	0	0	0	0	0	0	0	0	0	0	0	0	0	0	0	0	0	0	0	0	0	0	0	0	0	0	0	0	0	0	0	0	0	0	0	0	0	0	0	0	0	0	0	0	0	0	0	0	0	0	0	0	0	0	0	0	0	0	0	0	0	0	0	0	0	0	0	0	0	0	0	0	0	0	TR
2.5824	3.8926	0	4.6173	0.6587	0.5781	6.1769	0	8.5141	0	0	1.7424	0	0.7118	1.0655	2.1482	0	0	0	0	0	0	0.3948	0	0	0	0	0	0	0	0	0	2.0969	0	0	0	0	0	0	0	1.5568	0.963	1.1965	4.8758	1.4827	0	0	0	0	0	0	0	0	0	0	0	0	0	0	0	0	0	0	0	0	0	0	0	0	0	0	0	0	0	0	0	0	0	0	0	0	0	0	0	0	0	0	0	0	0	0	0	0	0	0	0	0	0	0	0	0	0	0	0	0	0	0	0	0	0	0	0	0	0	0	0	0	0	0	0	0	0	0	0	0	0	0	0	0	0	0	0	0	0	0	0	0	0	TR
1.5071	2.5497	0	7.2666	1.0389	0	0.9239	0	12.0755	0	0.5488	1.7947	1.1547	0.8866	3.2812	3.3772	0	0	0	0	0	0	0	0	0	0	0	0	0	0.1689	0	0	1.2751	0	0	0	0	0	0	0	0	0	0	3.4122	1.417	1.6262	0	0	0	0	0	0	4.1056	0	0	0	0	0	0	0	0	0	0	0	0	0	0	0	0	0	0	0	0	0	0	0	0	0	0	0	0	0	0	0	0	0	0	0	0	0	0	0	0	0	0	0	0	0	0	0	0	0	0	0	0	0	0	0	0	0	0	0	0	0	0	0	0	0	0	0	0	0	0	0	0	0	0	0	0	0	0	0	0	0	0	0	0	0	TR
1.3357	0	0	10.3047	7.8136	0	0	0	6.9747	0	0	0	0.8416	0.7798	0	0	0	0	1.9028	2.2057	0.3234	0	0	0	0.9851	0	0	0	0	0	0	1.4141	0	0	0	0	0.606	0	0.2847	0	0	0	0	0	0	0	5.7767	0	0	0	0	0	0	0	0	0.6548	0.4679	0.3653	0	0	0	0	0	0	0	0	0	0	0	0	0	0	0	0	0	0	0	0	0	0	0	0	0	0	0	0	0	0	0	0	0	0	0	0	0	0	0	0	0	0	0	0	0	0	0	0	0	0	0	0	0	0	0	0	0	0	0	0	0	0	0	0	0	0	0	0	0	0	0	0	0	0	0	0	0	0	0	0	TR
0.8232	0	0	5.73	6.4673	0	0	0	3.9186	0	0	0	0.5542	0.8029	1.5078	0	0	0	0.8633	0.9592	0	0	0	0	0	0	0	0	0	0	0	0.846	10.3577	0	0	4.408	0.3397	0	0	0.327	0	0	0	0	0	0	0	1.0256	1.0283	0	0	0	0	0	0	2.3776	0.8711	0	1.2003	0.8425	0.9473	0.8187	2.0239	0.1865	0	0	0	0	0	0	0	0	0	0	0	0	0	0	0	0	0	0	0	0	0	0	0	0	0	0	0	0	0	0	0	0	0	0	0	0	0	0	0	0	0	0	0	0	0	0	0	0	0	0	0	0	0	0	0	0	0	0	0	0	0	0	0	0	0	0	0	0	0	0	0	0	0	0	TR
0	0	0	9.0215	5.0104	0	0	0	4.399	0	0	0	0	0	1.2935	0	0	0	2.7662	1.5931	0	0	0	0	0	0	0	0	0	0	0	0.7379	9.8818	0	0	5.7627	0	0	0	0	0	0	0	0	0	0	0	0	0	0	0	0	0	0	0	0.9598	0	0	1.0145	0	0	0	0	0	0.3637	0	0	0	0	0	0	0	0	0	0	0	0	0	0	0	0	0	0	0	0	0	0	0	0	0	0	0	0	0	0	0	0	0	0	0	0	0	0	0	0	0	0	0	0	0	0	0	0	0	0	0	0	0	0	0	0	0	0	0	0	0	0	0	0	0	0	0	0	0	0	0	0	0	TR
3.6164	0	0	8.0994	8.6215	0	1.8406	0	4.6484	0	0	0	0.4964	0.6247	1.0435	0.6638	2.7366	0	1.9089	4.7403	1.6647	0	0	1.2554	0	0	0	0	0.3444	0.2782	0.1479	0.8374	0	0	0	0	0.4505	0	0	0	0	0	0	0	0	0	4.9386	0	0	0	1.5032	0	0	0	0	0	0	0	0	0	0	0	0	0	0	0.9587	0.7041	0	0	0	0	0	0	0	0	0	0	0	0	0	0	0	0	0	0	0	0	0	0	0	0	0	0	0	0	0	0	0	0	0	0	0	0	0	0	0	0	0	0	0	0	0	0	0	0	0	0	0	0	0	0	0	0	0	0	0	0	0	0	0	0	0	0	0	0	0	0	0	TR
1.6336	0	0	5.8594	12.7131	0	0	0	6.4716	0	0	0	0.4367	0.651	0	0	0	0	1.6441	3.7918	0	0	0	0	0	0	0	0	0	0	0	1.2074	0	0	0	0	0.7077	0	0	0.4283	0	0	0	0	0	0	4.5956	1.0419	0	0	0	0	0	0	0	0	0	0	0	0	0	1.6032	0	0.6733	0	0	0	0	0	0	0	0	2.0532	0	1.0141	0.8427	1.6422	1.9025	0	0	0	0	0	0	0	0	0	0	0	0	0	0	0	0	0	0	0	0	0	0	0	0	0	0	0	0	0	0	0	0	0	0	0	0	0	0	0	0	0	0	0	0	0	0	0	0	0	0	0	0	0	0	0	0	0	0	0	0	TR
0	0	0	8.3411	5.9078	0	0	0	3.8245	0	0	0	0.7581	0.3735	0.7535	0	0	0	1.5243	1.2896	0.1264	0	0	1.98	0	0	0	0	0	0	0	0.8198	4.3573	0	0	0	0.408	0	0.2041	0.3198	0	0	0	0	0.137	0	0	0.5127	0	0	0	0	0	0	0	0	0	0	0	0	0	0.691	0	0	0.2484	0	0	0	0	0	1.3573	0.2586	1.5084	0.5537	0.5638	0	0	0	14.458	0	0	0	0	0	0	0	0	0	0	0	0	0	0	0	0	0	0	0	0	0	0	0	0	0	0	0	0	0	0	0	0	0	0	0	0	0	0	0	0	0	0	0	0	0	0	0	0	0	0	0	0	0	0	0	0	0	0	0	TR
2.074	0	0	9.1902	6.7227	0	0	0	3.5264	0	0	0	0.7197	0.4416	0.8073	0	0	0	0.9248	0.7739	0.2415	0	0	0	0	0	0	0	0	0.1656	0.5326	1.5371	6.2098	0	0	0	0.3528	0	0.1694	0.3337	0	0	0	0	0	0	0	0.169	0.5377	0	0	0	0	0	0	0.9308	0.8165	0.3651	1.0611	0.3526	0	0.9105	1.7188	0	0	0	0	0	0	0	0.2105	0	0	0	0	0	0	0	0	0	0.2449	0	0	0	0	0	0	0	0	0	0	0	0	0	0	0	0	0	0	0	0	0	0	0	0	0	0	0	0	0	0	0	0	0	0	0	0	0	0	0	0	0	0	0	0	0	0	0	0	0	0	0	0	0	0	0	0	0	TR
0	0	0	4.8575	8.4217	0	0	0	6.1147	0	0	0	0.4346	1.0478	1.0649	0	0	0	1.576	0	0	0	0	0	0	0	0	2.1073	0	0	0	0.6468	0	0	0	0	0.8578	0	0.4753	0	0	0	0	0	0	0	0	1.2738	0	0	0	0	0	0	0	0.903	0	0	0	0	0	0	0	0	0	0	0	0	0	0	0	0.6179	0	0	2.8704	0	0	0	0	1.4661	0	0.9629	0.5073	0	0	0	0	0	0	0	0	0	0	0	0	0	0	0	0	0	0	0	0	0	0	0	0	0	0	0	0	0	0	0	0	0	0	0	0	0	0	0	0	0	0	0	0	0	0	0	0	0	0	0	0	0	0	0	TR
2.4848	0	0	11.9737	8.4897	0	0	0	6.4242	0	0	0	0	0.6772	0.7944	0	0	0	1.9268	1.6822	0	0	0	0	0	0	0	0	0	0	0	1.6485	0	0	0	0	0.6929	0	0	0	0	0	0	0	0.8523	0	4.7071	1.9769	0	0	0	0	0	0	0	0.7277	0	0	0	0	0	0	0	0	0	0	0	0	0	0	0	0	0	0	0	0	0.592	0	0	1.54	0	0	0	2.9108	0.482	0	0	0	0	0	0	0	0	0	0	0	0	0	0	0	0	0	0	0	0	0	0	0	0	0	0	0	0	0	0	0	0	0	0	0	0	0	0	0	0	0	0	0	0	0	0	0	0	0	0	0	0	0	TR
3.8752	0	0	4.8128	1.255	0	0	0	3.4181	0	0	0	0	0.4923	0	0.1602	0	1.5133	1.6586	0.9515	0	0	0	6.0242	0	0	0	0	0	0	0	0	0	0.2288	0	0	0	0	0	0	0	0	0	0	0	0	0	0	0	0	11.7216	0	0	0	0	0	0	0	0	0	0	0.9829	0	0	0	0	0	0	0	0	0.6224	0	0	0	0	0	0	0	0	0	0	0	0	0	0	0	0	0	0	0	0	0	0	0	0.9374	0.448	0	0	0	0	0	0	0	1.6276	0.781	0	0	0	0	0	0	0	0.1377	0	0	0	0	0	0	0	0	0	0	0	0	0	0	0	0	0	0	0	0	0	0	0	0	0	SR
3.9011	0	0	4.1006	0.9255	0	0	0	4.0638	0	0	0	0	0.7123	0	0.4278	0	0.8487	1.638	1.1357	0	0	0	0	0	0	0.3517	0	0	0	0	0	0	0	0	0	1.3715	0	0	0	0	0	0	0	0	0	0	0	0	0	0	1.9488	0	0	0	0	0	0	0	0	0	0	3.0577	0	0	0	0	0	0	0	0.5373	0.1794	0.4377	0	0	0	0	0	0	0	0	0	0	0	0	0	0	0	0	0	0	0	0	0	0	0	0	0	0	0	0	0	0.3655	0	0	0	0	0	0	0	0	0	0	0.216	0	0	0	0	0	0	0	0	0	0	0	0	0	0	0	0	0	0	0	0	0	0	0	0	SR
3.2481	0	0	2.136	0.3941	0	0	0	3.613	0	0	0	0	1.0427	0	0.3578	0	0.7894	1.2891	0.9053	0	0	0	3.5768	0	0	2.037	3.7261	0	0	0	0	0	0	0	0	3.7484	0	0	0	0	0	0	0	0	0	0	0	0	0	6.7039	0	0	0	0	0	0	0	0	0	0	0	0	0	0	0	0	0	0	0	0.6144	0.143	0	0	0	0	0	0	0	0	0	0	0	0	0	0	0	0	0	0	0	0	0	0	0	0	0	0	0	0	0	0	4.7892	0	0.2566	0	0	0	0	0.6866	0	0	0	0.3927	1.4883	0.4586	0.8829	3.5061	1.7882	1.1923	1.8921	2.688	3.4269	0	0	0	0	0	0	0	0	0	0	0	0	0	0	0	SR
4.0506	0	0	4.2842	1.3092	0	0	0	3.9554	0	0	0	0	1.2733	0	1.0391	0	0.5444	0.8837	1.3578	0	0	0	0	0	0	0.8977	0.9931	0	0	0	0	0	0	0.5387	0	1.5205	0	0	0	0	0	0	0	0	0	0	0	0	0	0	0	0	0	0	0	0	0	0	0	0	0	3.154	0	3.4957	0	0	0	0	0	0.4116	0.1247	0	0	0	0	0	0	0	0	0	0	0	1.5634	0	0	0	0	0	0	0	0	0	0	0	0	0	0	0	0	0	0	1.3542	0	0	0	0	0	0	0	0	0	0	0	1.3724	0	0	0	0	0	0	0	0	0	0	0	0	0	0	0	0	0	0	0	0	0	0	0	SR
4.0557	0	0	4.7099	1.4336	0	0	0	4.8764	0	0	0	0	1.1963	0.8724	0.4351	0	0.4655	1.1389	1.5706	0	0	0	0	0	0	0.7251	0.6875	0	0	0	0	0	0	0	0	2.3225	0	0	0	0	0	0	0	0	0	0	0	0	0	0	0	0	0	0	0	0	0	0	0	0	0	0	0	0	0	0	0	0	0	0.5774	0.2064	0	0	0	0	0	0	0	0	0	0	0	0	0	1.4451	0	0	0	0	0	0	0	0	0	0	0	0	0	0	0	0	0	0	0.282	0	0	0	0	0	0	0	0	0.2254	1.1251	0	0	0	0	0	0	0	0	2.4617	0	0	0	0	0	0	0	0	0	0	0	0	0	0	SR
1.3197	0	0	1.8143	0.4376	0	0	0	1.9747	0	0	0	0	0.4614	0	0	0	0.2705	0.46	0	0	0	0	0	0	0	0	0.4177	0	0	0	0	0	0	0	0	1.0193	0	0	0	0	0	0	0	0	0	0	0	0	0	0	0	0	0	0	0	0	0	0	0	0	0	0	0	0	0	0	0	0	0	0.2398	0	0	0	0	0	0	0	0	0	0	0	0	0	0	0	0	0	0	0	0	0	0	0	0	0	0	0	0	0	0	0	0	0	0	0	0	0	0	0	0	0	0	0.1675	0	0	0	0	0	0.2273	0	0	0	0	0.1821	0.7134	0	0	0	0	0	0	0	0	0	0	0	0	SR
4.3542	0	0	5.5149	1.8433	0	0	0	4.7044	0	0	0	0	1.1931	0	0.6298	0	0.7657	1.542	1.6979	0	0	0	0	0	0	0	0	0	0	0	0	0	0.3183	0	0	2.4405	0	0	0	0.3964	0	0	0	0	0	0	0	0	0	0	0	0	0	0	0	0	0	0	0	0	0	2.8644	0	0	0	0	0	0	0	0.7651	0	0	0	0	0	0	0	0	1.7014	0	0	0	1.5082	0	0	0	0	0	0	0	0	0	0	0	0	0	0	0	0	0	0	0.4703	0	0	0	0	0	0	0	0	0	0	0	0.079	0	0	0	0	0	0	0	0	0	0	0	0	0	0	0	0	0	0	0	0	0	0	0	SR
3.9472	0	0	3.518	0.7468	0	0	0	5.9255	0	0	0	0	1.614	0	1.1451	0	0.4891	1.1088	1.4265	0	0	0	0	0	0	0	1.4651	0	0	0	0	0	0	0	0	2.3783	0	0	0	0	0	0	0	0	0	0	0	0	0	0	0	0	0	0	0	0	0	0	0	0	0	0	0	0	0	0	0	0	0	0.77	0.1564	0.8538	0	0	0	0	0	0	0	0	0	0	0	0	0	0	0	0	0	0	0	0	0	0	0	0	0	0	0	0	0	0	0	0.3139	0	0	0	0	0	0	0	0	0.2103	0	0	0	0	0	0	0.7133	0	0	0	0	0	0	0	0	0	0	0	0	0	0	0	0	0	SR
2.2184	0	0	5.3961	2.7557	0	0	0	3.7775	0	0	0	0	1.0065	0.6964	0.3976	0	0.5747	1.2528	2.3943	4.9887	0	0	0	0	0.5553	0	0.9914	0	0	0	0.5654	0	0	0	0	3.6063	0	0	0	0	0	0	0	0	0	0	0	0	0	0	0	0	0	0	0	0	0	0	0	0	0	1.5036	0	0	0	0	0	0	0	0.8665	0.4248	0	0	1.4913	0	0	0	0	1.5617	0	0	0	1.3856	0.6384	0	0	0	0	0	0	0	0	0	0	0	0	0	0	0	0	0	0	0	0	0	0	0	0	0	0	0	0	0.3041	0	0	0	0	0	0	0	0	0	0	0	0	0.7669	0.3624	0	0	0	0	0	0	0	0	0	0	SR
3.7651	0	0	3.7636	0.9005	0	0	0	4.9896	0	0	0	0	1.4448	1.1136	0.5299	0	0.7847	3.2594	1.21	0	0	0	0	0	0	0	0.8515	0	0	0	0	0	0	0	0	1.992	0	0	0	0	0	0	0	0	0	0	0.4759	0	0	9.1848	0	0	0	0	0	0	0	0	0	0	0	5.8254	0	0	0	0	0	0	0	0.4062	0.1544	0	0	0	0	0	0	0	1.1844	0	0	0	0	0	0	0	0	0	0	0	0	0	0	0	0	0	0	0	0	0	0	0	0	0	0	0	0	0	0	2.4692	0	0	0	0	0	0	0	0	0	0	0	0	0	0	0	0	0	0	0	0	0	0	0	0	0	0	0	SR
3.6045	0	0	3.3482	0.8158	0	0	0	4.2123	0	0	0	0	1.5767	1.1265	0	0	0	0.5791	1.6494	0.6499	0	0	0	0	0	0.5359	0.4435	0	0	0	0	0	0	0.6206	0	3.1339	0	0	0	0	0	0	0	0.2976	0	0	1.3754	0	0	0	2.6302	0.9922	0	0	0	0	0	0	0	0	0	2.7026	0	0	0	0	0	0	0	2.0065	0.4901	0	0	0	0	0	0	0	0	0	0	0	0	0	0.7433	0	0	0	0	0	0	0	0	0	0	0	0	0	0	0	0	0.6691	0	0	0	0	0	0	0	0	2.1118	0	0.1376	0	0	0	0	0	0	0	0	0	0	0	0	0.5173	0	0.1521	0	0	0	0	0	0	0	0	0	SR
0	0	0	0.9314	0	0	0	0	0.8562	0	0	0	0	0.415	0	0	0	0	0.1794	0.1826	0.5146	0	0	0	0	0	0	0	0	0	0	0	0	0	0	0	0.7322	0	0	0	0	0	0	0	1.9158	0	0	0.4685	0	0	0	0	0	0	0	0	0	0	0	0	0	0	0.6747	0	0	0	0	0	0	2.3698	5.3921	12.0357	0	0	4.9111	0	0	0	0	0	0	12.515	0	0	0	0	0	0	0	0	0	0	0	3.0313	0	0	0	0	0	0	0	0	0	0	0	0	0	0	0	0	0	0	0	0	0	0	0	0	0	0	0	0	0	0	0	0	0	0	0	0.2843	0.9596	0.4541	0.4892	0.1694	0.973	1.871	0	0	SR
0.5037	0.7038	0	5.1981	1.7145	0	0	0	2.3457	0	0	0	0	1.0825	0	0	0	0	1.2566	0.7383	0.3877	0	0	0	0	0	0.1743	0.3434	0	0	0	0.3511	0	0	0	0	1.8663	0	0	0	0	0	0	0	1.2509	0	0	0.6981	0	0	0	0.6137	0	0	0	0	0	0.9441	0	0	0	0	1.9596	0	0	0	0	0	0	3.299	5.0831	12.7207	0	0	1.4658	0	0	0	0	0	0	14.097	0	0	0.1726	0	0	0	0	0	0	0	0	0	0	0	0	0	0	0	0	0	0	0	0	0	0	0	0	0	0	0	0	0	0	0	0	0	0	0	0	0	0	0	0	0	0	0	0	0	0.7995	0	0	0	0	0	0.9372	0.4636	SR
